1000 5000
0 1 74
1 2 24
1 3 48
0 4 44
1 5 45
4 6 17
1 7 94
0 8 50
1 9 85
6 10 99
6 11 48
1 12 58
6 13 52
6 14 51
11 15 84
10 16 96
0 17 25
16 18 86
8 19 29
17 20 33
7 21 44
10 22 80
15 23 4
8 24 1
20 25 100
25 26 100
1 27 43
1 28 85
7 29 10
27 30 15
7 31 97
30 32 17
2 33 34
16 34 57
18 35 4
0 36 44
11 37 83
8 38 51
11 39 56
18 40 96
39 41 82
40 42 74
31 43 14
23 44 17
14 45 20
21 46 68
29 47 20
17 48 16
30 49 25
35 50 22
43 51 51
20 52 42
52 53 29
9 54 57
6 55 39
14 56 91
2 57 4
9 58 56
6 59 25
29 60 74
7 61 38
3 62 7
23 63 67
26 64 66
35 65 77
42 66 92
1 67 25
4 68 58
22 69 65
17 70 9
48 71 94
63 72 81
54 73 45
45 74 95
18 75 34
73 76 45
47 77 71
61 78 65
60 79 34
21 80 50
55 81 33
46 82 81
65 83 96
31 84 1
2 85 59
37 86 92
3 87 1
4 88 9
39 89 1
46 90 86
41 91 50
26 92 25
92 93 1
50 94 89
52 95 75
12 96 51
71 97 57
8 98 48
63 99 47
32 100 58
29 101 76
57 102 56
30 103 27
99 104 1
2 105 59
71 106 24
37 107 78
49 108 3
48 109 52
86 110 74
91 111 99
45 112 25
81 113 50
54 114 19
17 115 31
18 116 18
101 117 100
39 118 28
72 119 10
103 120 98
110 121 99
27 122 73
61 123 49
103 124 57
60 125 82
98 126 3
51 127 70
51 128 1
57 129 46
61 130 42
113 131 44
23 132 97
20 133 14
32 134 69
78 135 63
130 136 54
82 137 1
102 138 15
62 139 21
0 140 86
70 141 15
24 142 6
92 143 70
75 144 37
39 145 13
44 146 56
37 147 46
62 148 12
37 149 74
97 150 45
97 151 36
87 152 78
135 153 63
58 154 7
112 155 8
3 156 78
17 157 38
75 158 74
97 159 32
109 160 57
19 161 61
145 162 79
61 163 58
162 164 78
39 165 13
0 166 54
161 167 36
106 168 26
164 169 94
121 170 43
27 171 59
125 172 29
141 173 71
49 174 25
106 175 41
12 176 39
3 177 93
85 178 78
81 179 13
159 180 37
158 181 68
1 182 100
178 183 95
71 184 77
181 185 46
167 186 24
124 187 53
104 188 24
167 189 69
83 190 17
190 191 75
49 192 85
81 193 23
55 194 23
149 195 90
195 196 32
64 197 63
105 198 76
155 199 58
38 200 18
74 201 94
109 202 69
29 203 59
79 204 11
72 205 98
72 206 93
35 207 39
158 208 69
185 209 49
84 210 41
143 211 59
199 212 96
119 213 57
194 214 47
125 215 35
2 216 27
6 217 95
194 218 88
190 219 4
23 220 64
115 221 70
97 222 20
34 223 94
190 224 52
31 225 50
176 226 60
92 227 94
16 228 1
135 229 14
144 230 30
112 231 65
203 232 71
219 233 34
173 234 80
132 235 48
98 236 95
188 237 43
164 238 11
206 239 71
169 240 85
198 241 17
125 242 53
9 243 78
238 244 82
17 245 99
137 246 90
55 247 51
36 248 71
77 249 46
86 250 73
26 251 89
57 252 92
89 253 44
217 254 51
35 255 60
79 256 1
205 257 88
179 258 52
31 259 91
25 260 74
136 261 32
215 262 33
36 263 36
261 264 22
22 265 96
261 266 68
246 267 39
187 268 83
159 269 7
215 270 92
242 271 22
211 272 29
151 273 66
121 274 58
253 275 5
212 276 50
199 277 32
177 278 46
232 279 74
236 280 4
3 281 22
238 282 51
222 283 40
82 284 73
50 285 68
269 286 60
237 287 88
86 288 54
284 289 63
78 290 59
156 291 1
128 292 6
6 293 19
38 294 36
144 295 78
185 296 99
109 297 28
190 298 53
239 299 81
184 300 19
185 301 26
255 302 17
236 303 94
204 304 71
66 305 75
286 306 86
129 307 66
264 308 98
169 309 97
206 310 73
127 311 41
274 312 90
106 313 44
37 314 24
295 315 44
160 316 98
266 317 74
243 318 63
120 319 84
14 320 96
283 321 43
308 322 78
219 323 58
301 324 1
37 325 3
10 326 54
116 327 95
108 328 36
270 329 6
263 330 22
259 331 33
83 332 9
7 333 91
96 334 36
191 335 78
70 336 46
197 337 93
304 338 89
177 339 47
77 340 47
338 341 77
69 342 89
329 343 42
225 344 42
45 345 58
113 346 66
187 347 98
35 348 26
97 349 76
40 350 41
127 351 99
287 352 62
59 353 50
85 354 24
281 355 81
77 356 63
161 357 31
182 358 57
37 359 95
155 360 19
13 361 1
8 362 59
135 363 19
130 364 16
340 365 86
70 366 34
74 367 98
365 368 96
217 369 4
268 370 86
85 371 63
350 372 83
16 373 65
116 374 78
170 375 71
144 376 42
181 377 95
171 378 20
276 379 62
264 380 75
166 381 54
273 382 96
243 383 36
79 384 73
265 385 50
273 386 78
95 387 99
34 388 82
73 389 68
337 390 81
179 391 88
174 392 15
96 393 89
233 394 97
379 395 54
299 396 96
78 397 13
117 398 89
143 399 71
201 400 31
156 401 59
18 402 51
373 403 96
202 404 89
39 405 96
364 406 65
212 407 24
111 408 30
152 409 68
321 410 75
326 411 88
269 412 46
46 413 10
198 414 59
294 415 78
180 416 69
112 417 82
317 418 73
129 419 27
39 420 21
199 421 16
319 422 47
223 423 3
109 424 25
132 425 17
209 426 12
46 427 31
164 428 56
16 429 42
318 430 83
75 431 58
184 432 81
172 433 47
88 434 69
340 435 88
145 436 64
146 437 33
76 438 92
18 439 58
109 440 47
87 441 93
97 442 85
167 443 1
106 444 18
121 445 29
350 446 55
57 447 7
225 448 76
132 449 53
234 450 13
233 451 26
278 452 67
60 453 29
63 454 75
29 455 7
210 456 89
172 457 69
107 458 68
77 459 39
348 460 50
289 461 67
350 462 92
421 463 85
121 464 99
174 465 75
400 466 50
356 467 95
277 468 99
442 469 7
191 470 63
240 471 11
33 472 73
279 473 19
166 474 83
375 475 36
349 476 50
313 477 32
18 478 44
448 479 18
78 480 36
0 481 87
304 482 89
54 483 54
431 484 98
33 485 99
126 486 61
119 487 5
55 488 98
407 489 1
398 490 51
67 491 80
185 492 26
473 493 56
411 494 40
4 495 89
356 496 72
424 497 63
451 498 64
183 499 83
178 500 51
41 501 6
353 502 29
206 503 12
266 504 8
183 505 14
88 506 28
379 507 96
155 508 25
104 509 87
158 510 56
2 511 44
491 512 61
460 513 94
332 514 16
185 515 89
162 516 28
494 517 49
282 518 6
9 519 62
59 520 78
229 521 20
151 522 81
491 523 94
157 524 28
26 525 36
326 526 13
279 527 41
147 528 22
428 529 28
371 530 96
202 531 21
130 532 10
412 533 47
162 534 65
103 535 86
434 536 6
67 537 80
513 538 22
177 539 72
342 540 97
437 541 91
518 542 13
83 543 51
538 544 70
426 545 91
494 546 8
408 547 86
265 548 43
75 549 18
245 550 25
346 551 41
328 552 71
542 553 3
117 554 92
12 555 29
302 556 24
70 557 92
552 558 56
295 559 70
93 560 84
460 561 7
334 562 78
10 563 3
539 564 82
22 565 74
463 566 84
41 567 53
4 568 72
291 569 84
219 570 60
482 571 39
71 572 51
61 573 85
200 574 52
269 575 47
365 576 19
360 577 39
136 578 63
257 579 84
543 580 62
134 581 33
144 582 87
153 583 96
115 584 85
489 585 45
272 586 46
581 587 48
514 588 96
442 589 46
254 590 4
59 591 88
27 592 91
562 593 94
57 594 68
67 595 81
415 596 98
489 597 8
61 598 12
55 599 35
324 600 37
95 601 82
347 602 7
414 603 11
37 604 33
563 605 44
239 606 85
25 607 19
64 608 22
166 609 43
19 610 18
533 611 46
404 612 7
175 613 38
478 614 25
493 615 62
450 616 25
285 617 38
615 618 82
169 619 27
133 620 27
195 621 86
497 622 32
155 623 27
479 624 84
7 625 41
179 626 30
263 627 81
377 628 28
0 629 42
212 630 22
621 631 8
149 632 15
116 633 33
483 634 44
322 635 36
46 636 95
273 637 53
371 638 29
232 639 61
588 640 13
389 641 27
345 642 71
545 643 16
300 644 34
186 645 96
611 646 1
104 647 13
535 648 18
465 649 29
448 650 16
329 651 56
338 652 73
79 653 66
542 654 59
241 655 68
161 656 53
302 657 45
240 658 72
41 659 77
138 660 39
489 661 92
321 662 34
145 663 1
581 664 20
622 665 35
74 666 27
6 667 35
300 668 73
112 669 29
346 670 97
350 671 44
418 672 30
107 673 31
14 674 15
529 675 28
197 676 35
572 677 36
82 678 89
7 679 28
456 680 81
325 681 82
297 682 20
549 683 80
369 684 81
385 685 45
282 686 43
670 687 40
278 688 80
575 689 42
41 690 99
28 691 70
613 692 81
161 693 94
35 694 58
424 695 71
425 696 40
600 697 33
6 698 22
602 699 60
201 700 98
592 701 12
461 702 80
271 703 26
354 704 58
500 705 28
603 706 3
208 707 33
682 708 43
479 709 21
566 710 4
446 711 100
188 712 46
122 713 11
119 714 74
236 715 41
502 716 78
649 717 23
38 718 28
35 719 37
361 720 8
167 721 57
571 722 30
301 723 94
326 724 21
678 725 97
189 726 26
583 727 27
268 728 64
714 729 88
405 730 58
579 731 32
477 732 51
442 733 74
723 734 9
364 735 15
484 736 42
529 737 65
186 738 100
431 739 85
266 740 7
204 741 18
678 742 78
242 743 11
216 744 31
278 745 12
275 746 41
337 747 3
13 748 48
331 749 57
48 750 20
300 751 85
566 752 38
540 753 45
60 754 28
363 755 85
88 756 90
736 757 26
53 758 83
707 759 53
102 760 11
519 761 2
607 762 17
119 763 71
242 764 90
606 765 65
245 766 99
190 767 66
758 768 100
252 769 49
611 770 97
614 771 97
579 772 32
510 773 35
576 774 2
80 775 37
464 776 59
225 777 71
332 778 86
576 779 91
315 780 6
665 781 17
254 782 99
633 783 59
109 784 29
341 785 15
611 786 1
379 787 36
769 788 54
22 789 95
758 790 87
425 791 40
184 792 91
145 793 6
258 794 78
23 795 31
144 796 25
508 797 93
749 798 86
547 799 65
764 800 47
109 801 5
197 802 30
489 803 35
642 804 84
580 805 39
785 806 11
249 807 26
771 808 74
60 809 32
564 810 26
308 811 46
795 812 40
374 813 42
465 814 4
716 815 95
226 816 36
148 817 32
419 818 56
400 819 46
601 820 72
412 821 33
107 822 24
794 823 72
720 824 37
564 825 66
171 826 25
735 827 72
268 828 64
508 829 32
46 830 98
713 831 19
543 832 33
685 833 52
346 834 85
161 835 42
245 836 94
102 837 39
476 838 90
131 839 19
338 840 71
473 841 35
144 842 72
438 843 89
46 844 38
369 845 55
235 846 82
325 847 93
4 848 31
505 849 18
773 850 42
8 851 66
402 852 61
353 853 3
361 854 60
743 855 98
273 856 50
582 857 29
727 858 84
780 859 50
667 860 9
173 861 27
6 862 99
144 863 100
268 864 80
310 865 40
522 866 16
706 867 14
8 868 1
382 869 60
237 870 14
793 871 29
104 872 58
639 873 50
315 874 88
309 875 59
25 876 19
752 877 95
363 878 93
533 879 75
435 880 37
443 881 76
817 882 74
712 883 88
723 884 79
781 885 79
45 886 48
190 887 45
1 888 71
403 889 78
691 890 93
725 891 14
331 892 87
142 893 38
217 894 24
140 895 81
803 896 44
840 897 88
606 898 45
790 899 94
397 900 16
275 901 29
4 902 36
771 903 94
132 904 13
777 905 34
333 906 98
84 907 21
326 908 20
275 909 32
304 910 40
638 911 98
744 912 56
88 913 41
873 914 19
806 915 50
586 916 30
593 917 4
774 918 50
594 919 12
884 920 41
609 921 46
288 922 24
1 923 32
821 924 72
95 925 8
589 926 94
577 927 47
404 928 9
260 929 31
178 930 63
528 931 15
806 932 1
622 933 9
899 934 47
700 935 8
11 936 37
418 937 61
141 938 65
342 939 7
777 940 62
635 941 6
14 942 95
216 943 27
160 944 21
900 945 65
896 946 57
206 947 12
509 948 6
463 949 75
686 950 60
540 951 90
163 952 78
34 953 15
499 954 51
167 955 30
454 956 5
57 957 66
14 958 50
308 959 79
312 960 9
769 961 11
703 962 83
880 963 14
118 964 4
819 965 34
639 966 12
169 967 55
437 968 41
874 969 100
565 970 33
447 971 40
623 972 100
308 973 82
353 974 25
833 975 52
610 976 28
535 977 36
655 978 29
839 979 52
432 980 48
577 981 46
705 982 91
560 983 18
119 984 91
819 985 34
32 986 97
313 987 95
473 988 57
290 989 50
594 990 80
785 991 7
716 992 25
924 993 97
373 994 100
723 995 10
121 996 32
965 997 51
160 998 50
432 999 2
641 895 2
108 651 80
148 123 27
343 187 55
883 471 6
152 66 29
690 26 34
833 451 50
993 632 79
711 185 99
17 433 34
378 555 46
597 881 63
524 618 53
27 728 55
244 92 25
946 632 77
654 54 1
526 947 18
714 575 34
358 76 33
859 960 91
520 227 66
237 230 16
472 964 61
216 250 24
58 916 97
299 553 52
344 243 73
630 642 33
245 44 85
881 795 26
599 706 36
81 64 7
551 287 52
651 309 12
10 840 48
264 105 9
435 977 87
755 540 62
452 281 22
173 957 44
809 40 66
28 910 36
0 428 73
481 100 25
580 734 24
825 159 49
100 761 67
649 583 75
246 909 14
619 550 87
480 279 23
745 760 12
26 925 98
911 933 28
262 352 28
281 964 49
339 44 88
224 584 59
955 965 28
342 41 72
377 53 87
766 197 10
887 957 49
783 924 40
320 5 44
849 190 68
116 779 46
739 860 91
691 619 90
361 560 44
519 503 5
785 209 17
513 537 67
56 573 8
230 99 38
30 925 7
414 337 29
488 122 42
502 282 91
950 693 71
643 592 82
875 390 17
240 206 73
531 737 35
521 247 7
752 151 7
781 245 22
75 415 63
767 580 26
196 402 13
438 87 81
485 575 80
798 894 51
242 376 61
423 409 14
432 15 1
994 839 89
52 792 63
831 459 17
109 203 4
388 232 23
674 529 75
770 366 24
298 619 68
453 670 79
929 742 39
257 621 46
976 549 26
551 944 14
551 62 13
343 293 31
383 799 19
324 624 48
975 288 60
947 837 89
504 667 55
175 830 26
849 204 68
908 680 14
807 980 97
973 941 15
31 458 68
16 401 47
96 859 59
229 150 91
134 527 40
509 17 51
637 616 61
45 378 48
678 737 46
666 581 47
926 135 56
48 446 18
77 276 69
682 434 74
450 369 96
698 579 27
659 85 75
786 300 55
233 733 47
736 551 8
74 938 24
851 402 40
64 264 2
788 660 89
574 376 31
390 591 9
699 18 40
683 419 12
146 118 59
290 278 30
114 656 39
284 667 47
422 725 66
727 342 56
678 695 78
747 938 66
255 665 76
49 402 7
777 280 76
565 715 69
183 246 94
830 541 41
796 551 50
802 580 21
170 578 54
461 668 84
443 22 77
839 958 100
328 694 99
897 347 81
755 243 61
50 1 76
243 275 91
116 105 63
752 338 35
543 924 19
214 645 49
915 285 38
196 328 89
667 935 20
632 352 44
752 989 59
662 546 5
70 657 44
924 425 92
997 40 24
914 951 90
790 990 95
392 25 99
624 635 24
549 524 11
999 450 20
628 972 54
221 898 39
316 481 77
237 312 11
572 853 23
35 948 86
562 320 22
195 949 25
23 799 24
667 522 2
288 106 67
238 209 85
928 431 49
334 148 66
185 624 69
306 121 38
140 80 41
595 397 66
680 826 77
644 489 21
425 48 17
679 44 44
50 125 31
842 155 87
608 631 38
672 979 15
697 664 15
948 650 62
39 13 19
96 161 3
790 337 37
337 762 14
470 584 79
361 643 40
63 666 56
942 405 67
489 859 74
510 58 68
42 935 7
530 654 4
484 407 11
387 464 3
77 937 59
881 811 31
710 331 16
155 284 71
900 932 49
972 742 20
915 676 47
627 586 5
978 896 68
761 336 52
858 384 50
27 386 62
242 535 95
588 935 80
591 832 34
483 331 40
463 253 80
303 530 87
91 568 99
378 692 6
344 892 65
940 797 88
289 547 84
743 95 64
667 704 95
150 581 96
458 530 13
633 332 94
239 509 11
128 203 77
452 952 5
321 975 11
717 246 59
63 748 83
433 578 25
92 117 84
161 719 15
728 899 23
791 403 14
399 964 86
908 337 72
367 244 39
511 881 56
445 275 4
557 651 76
303 754 46
448 433 64
714 160 59
296 638 99
448 633 90
627 887 36
612 373 73
971 899 75
614 125 40
698 551 65
839 856 64
824 883 9
933 837 68
578 697 12
216 666 10
214 251 65
74 942 31
153 978 28
213 588 54
826 356 34
8 689 77
989 600 56
782 659 52
169 452 11
212 120 77
677 672 5
176 80 91
463 406 91
748 199 42
312 25 40
120 522 44
559 138 17
633 79 61
455 463 16
629 249 60
64 119 18
165 625 24
567 200 36
140 941 45
463 595 57
783 759 55
141 944 99
293 898 51
89 446 76
283 329 12
659 351 71
367 901 59
933 340 82
92 888 60
213 393 88
367 19 50
565 753 27
200 418 31
806 155 30
377 668 46
998 263 70
813 137 43
54 882 6
553 214 60
894 916 93
677 218 8
828 784 57
666 164 21
775 785 2
160 689 58
471 168 28
153 938 86
896 569 87
123 270 70
922 588 14
532 686 28
653 130 35
889 637 88
965 369 37
757 839 38
841 255 53
185 505 16
902 724 22
168 679 41
999 414 34
758 170 27
735 926 26
576 857 26
880 903 25
266 62 55
21 103 21
41 934 98
237 44 69
32 423 41
30 137 92
358 463 27
107 538 33
350 162 43
290 984 22
643 21 90
734 410 31
511 795 36
348 604 72
526 545 39
381 646 61
369 6 43
276 651 28
29 542 19
996 461 14
475 663 18
30 46 83
144 770 21
253 866 12
559 202 96
298 301 8
634 588 7
176 308 55
191 728 86
351 511 15
945 104 62
86 335 99
839 502 86
529 770 32
415 344 19
624 894 56
300 244 33
282 786 55
526 385 75
447 46 93
548 729 21
761 255 25
266 275 26
837 995 46
307 857 38
688 823 91
705 983 21
875 541 86
868 671 100
192 379 53
463 652 60
269 751 33
217 798 93
456 757 80
273 245 90
785 969 90
444 71 37
6 473 11
953 697 33
112 123 30
791 554 38
563 361 86
415 405 96
645 841 93
490 620 82
798 450 76
8 198 38
55 857 75
159 219 68
1 383 67
426 694 25
962 31 61
773 42 64
209 854 88
979 513 70
439 549 62
115 330 37
892 196 87
214 900 64
313 554 100
231 556 90
454 863 58
389 761 20
285 434 97
373 318 53
954 1 91
898 560 73
696 849 64
563 58 73
543 46 61
819 698 45
684 784 19
277 171 50
732 559 23
275 594 8
379 291 90
381 285 24
312 532 87
315 382 41
611 181 89
454 545 99
664 7 66
225 699 29
266 324 89
51 370 51
788 731 10
681 284 53
583 45 62
221 372 44
551 409 5
253 658 28
553 256 30
211 34 1
407 814 26
695 819 1
842 209 81
128 958 61
206 532 21
219 52 17
347 921 11
751 339 28
989 590 56
668 304 5
905 891 43
387 952 94
276 730 63
926 338 5
782 638 30
964 338 5
458 858 27
876 219 27
62 672 34
446 598 27
944 189 30
177 6 18
433 322 33
730 510 52
695 490 27
172 260 18
728 653 55
11 73 36
275 393 47
685 136 50
307 458 68
640 565 93
497 929 44
231 230 67
428 900 86
250 773 82
557 618 80
637 57 29
784 537 88
714 969 1
582 938 40
285 620 22
967 194 12
260 33 9
958 999 59
189 874 97
512 150 21
645 561 20
385 944 35
758 442 41
777 2 35
938 640 41
661 456 31
893 59 14
664 487 10
189 232 45
339 757 22
894 954 43
573 602 25
477 377 26
758 816 79
589 296 26
712 753 71
790 114 57
30 461 69
461 21 67
122 687 100
172 770 65
351 748 63
914 982 2
617 459 25
899 457 77
925 833 14
298 736 98
990 366 82
219 720 3
429 624 91
251 528 43
166 848 59
182 206 85
760 248 70
630 716 48
961 152 80
147 414 56
502 818 40
82 779 10
122 415 19
546 258 2
389 269 75
66 433 24
340 342 45
570 585 29
909 989 33
161 491 43
763 252 67
384 926 19
334 289 85
286 424 42
858 371 78
555 712 12
516 780 89
173 69 97
580 821 19
247 41 6
763 427 49
269 329 27
308 228 38
555 505 48
958 9 81
613 580 76
714 672 34
689 941 55
857 3 20
613 172 63
663 846 88
175 462 7
126 288 1
760 19 97
678 786 38
950 498 3
833 426 19
858 418 52
947 454 7
651 594 35
751 314 75
219 655 40
90 492 36
96 108 31
87 760 92
550 391 22
405 78 5
65 648 14
589 959 9
697 277 61
910 249 94
364 789 74
949 247 6
421 121 55
402 239 7
53 360 13
264 144 71
436 273 18
896 708 66
133 29 73
456 835 32
654 670 73
446 138 69
984 357 60
763 978 54
376 345 62
51 865 76
515 257 52
625 426 42
243 768 67
613 534 38
179 838 44
793 528 41
111 583 75
319 173 52
778 298 16
29 17 25
882 687 93
715 915 96
545 460 66
466 472 96
808 179 83
802 419 78
603 981 31
478 968 96
958 406 91
708 609 44
798 87 94
236 202 47
228 255 76
171 967 12
11 137 94
355 642 30
585 487 32
182 292 36
821 838 31
949 789 32
444 784 77
3 455 15
279 594 11
116 173 41
610 697 60
970 35 55
71 52 47
241 36 58
904 857 53
222 793 25
98 462 34
220 190 90
279 561 15
737 685 56
773 434 91
888 416 87
723 636 17
308 947 70
621 933 96
353 603 76
148 652 53
751 991 24
997 459 36
760 963 12
521 955 33
833 32 97
135 290 28
275 408 25
391 627 56
847 118 10
477 153 96
722 364 95
606 804 72
385 612 40
926 552 14
15 618 10
644 331 32
114 85 30
409 380 22
600 186 50
685 635 50
855 457 97
379 841 44
168 599 62
313 252 33
53 86 64
998 121 42
318 84 7
493 986 36
500 93 56
33 462 15
706 226 61
377 105 58
556 307 40
385 81 19
815 610 13
557 938 55
793 363 58
745 371 14
682 632 99
565 276 29
752 198 53
44 657 4
738 958 78
307 280 8
714 853 47
562 796 51
768 195 11
426 437 11
451 386 2
764 156 60
529 884 50
321 282 91
929 788 26
162 799 30
789 764 80
960 162 67
73 846 53
351 254 47
632 612 34
267 191 76
347 11 79
46 697 30
354 362 24
948 673 2
13 958 7
854 845 12
7 676 62
513 50 57
76 797 36
112 778 48
936 427 26
382 350 47
301 592 14
77 386 21
160 815 12
114 653 38
811 767 50
516 668 60
966 692 44
114 580 24
219 191 90
653 291 6
799 503 13
224 695 6
217 734 16
571 110 1
166 430 89
579 956 77
103 129 73
738 539 40
321 894 84
463 975 14
925 0 28
587 536 27
488 215 11
954 173 48
782 429 25
612 973 42
528 547 64
426 102 45
979 422 15
801 833 90
705 220 18
505 742 73
613 866 29
901 996 3
383 812 11
529 413 21
248 235 67
562 584 97
566 239 40
547 453 48
190 598 18
114 282 29
831 669 92
69 782 100
537 226 63
894 927 28
473 519 64
559 728 59
629 741 66
768 343 80
560 316 66
441 737 56
974 172 20
18 419 50
852 629 78
875 318 66
253 21 66
128 382 53
372 265 28
636 452 62
597 309 90
164 266 73
281 861 29
904 26 53
346 756 39
817 985 83
934 438 25
977 585 10
263 939 45
5 172 86
640 726 39
455 539 98
27 698 9
148 147 25
252 991 60
851 704 71
851 245 42
238 626 22
536 428 28
998 358 45
729 296 46
806 354 61
351 903 83
158 516 62
96 144 2
392 452 53
362 826 56
858 947 76
962 944 57
512 981 59
161 2 86
92 883 57
703 971 15
392 27 49
271 694 22
328 56 40
264 636 60
925 622 57
555 968 27
560 495 27
116 604 94
176 104 38
560 492 59
375 513 71
481 3 45
694 699 16
300 23 17
645 627 58
573 745 58
773 769 2
400 151 86
761 773 99
580 442 51
904 103 46
150 514 95
717 808 86
608 660 71
14 621 25
27 801 87
241 805 87
441 51 52
489 812 5
370 163 31
417 580 25
925 399 53
514 743 73
505 850 32
93 900 31
914 2 10
852 422 34
649 534 51
901 246 57
181 535 12
733 996 29
703 329 81
51 142 11
438 261 6
176 627 84
248 751 86
399 375 63
698 812 69
849 544 79
377 390 10
860 9 82
768 447 40
272 560 73
994 195 88
529 872 67
818 103 100
694 486 91
972 144 83
723 286 99
163 520 86
432 341 11
541 996 95
123 31 24
696 650 25
347 67 92
460 252 21
506 955 54
709 172 72
343 807 76
921 594 91
294 646 63
874 813 82
129 810 34
643 710 93
4 170 27
317 533 67
54 891 65
823 111 48
638 713 19
935 713 62
628 960 71
952 607 92
430 475 94
458 278 1
265 632 40
722 584 34
656 307 60
804 752 20
10 485 35
469 225 79
765 220 13
958 756 66
411 23 82
919 447 29
402 810 63
99 468 83
287 207 11
934 823 98
327 425 55
881 931 99
504 126 88
808 983 92
992 147 19
233 728 75
974 19 82
638 582 2
394 790 97
791 739 86
324 828 23
194 607 20
375 274 11
67 110 89
114 629 53
770 834 7
270 384 63
919 208 23
609 278 98
602 133 50
321 105 52
484 209 50
223 851 30
513 140 32
234 333 80
636 535 50
556 872 2
668 579 58
701 142 96
512 496 62
816 498 32
268 93 70
6 528 84
454 537 37
976 338 43
41 110 21
496 12 26
736 676 45
239 126 48
859 410 66
653 287 19
739 749 99
770 82 12
7 371 24
580 218 31
518 964 25
421 445 100
924 532 24
839 259 23
182 620 91
108 275 58
974 269 76
605 279 43
553 395 57
205 239 7
899 344 37
546 274 31
342 582 80
912 964 64
149 929 8
396 495 96
543 306 53
293 189 84
684 887 8
926 543 5
992 145 20
479 188 40
96 453 61
96 905 81
720 287 20
954 387 70
70 88 46
98 394 1
69 686 75
864 483 74
306 133 59
538 899 32
697 181 11
719 837 32
648 78 40
382 715 7
966 611 10
830 621 63
667 679 74
314 731 53
757 801 61
903 293 58
342 122 11
317 247 3
936 144 19
2 312 25
73 726 70
380 994 63
159 440 33
3 932 70
36 431 51
743 227 28
379 213 26
591 252 75
505 463 2
76 608 28
207 262 38
742 813 20
753 953 48
922 475 9
21 448 56
941 907 71
41 399 57
883 364 21
410 383 72
764 53 50
472 137 36
138 513 72
570 412 64
9 361 90
105 891 75
268 204 38
29 547 99
350 891 34
633 684 36
439 594 62
986 396 58
477 552 9
140 436 26
406 730 72
879 730 12
281 365 15
887 866 11
527 584 14
367 146 33
376 838 10
803 405 22
984 545 56
841 531 16
754 585 13
235 508 41
954 424 72
910 309 41
828 52 45
274 568 92
844 434 32
782 898 62
190 836 77
75 30 74
645 981 54
13 225 57
133 69 1
499 136 63
399 412 5
452 532 62
940 321 79
42 74 65
931 382 6
802 27 15
665 983 22
72 460 87
975 577 57
406 602 33
394 254 40
191 787 96
568 557 85
746 613 62
857 222 36
507 276 27
85 967 83
280 899 73
586 85 53
378 834 58
614 132 60
816 4 16
908 399 38
674 454 26
52 14 23
914 735 68
592 582 96
815 134 67
275 977 78
169 935 8
442 348 49
656 800 39
741 676 18
701 914 56
476 200 80
201 729 59
756 439 31
213 481 39
303 317 61
76 340 38
800 644 73
818 735 12
609 390 36
903 245 14
838 683 14
50 319 29
386 947 78
561 747 13
850 448 44
215 652 58
294 739 64
148 969 73
114 417 59
54 409 4
966 953 89
616 897 81
787 294 93
157 93 73
268 493 85
624 44 60
831 761 68
573 149 41
77 520 60
716 171 7
420 471 75
4 539 20
163 818 79
415 290 85
841 937 44
205 920 40
187 543 89
921 355 56
165 928 46
185 342 95
169 964 14
909 167 50
301 795 52
831 567 46
855 533 38
254 821 14
355 764 10
657 671 22
69 886 38
175 976 5
915 863 81
300 646 40
145 882 47
580 530 22
151 308 20
359 618 30
75 610 87
952 925 32
122 144 33
767 257 19
303 477 28
962 645 84
656 831 54
828 357 49
757 331 3
34 794 29
451 884 25
884 539 59
511 315 52
322 90 86
797 94 56
441 260 32
753 968 34
376 806 81
51 98 32
618 678 29
751 698 56
403 110 69
715 20 60
801 690 30
750 252 25
848 856 27
684 908 86
666 261 11
845 350 69
734 807 86
797 180 66
395 801 46
85 108 30
32 734 36
498 189 13
294 929 95
566 377 28
431 644 52
67 218 22
51 749 40
434 718 8
74 151 88
782 436 13
832 666 78
131 549 52
639 566 64
707 974 93
409 911 92
18 310 89
453 298 87
161 955 96
660 550 90
703 408 12
341 217 24
748 38 7
392 446 60
812 571 83
466 595 67
760 272 8
40 325 93
341 253 80
140 979 37
501 414 48
388 815 83
362 271 28
484 135 81
480 169 17
961 610 47
860 139 98
231 997 31
21 433 45
194 721 39
278 345 4
690 504 26
908 632 51
847 568 42
118 682 94
293 689 71
716 83 74
304 83 96
498 54 87
34 79 21
658 174 69
48 59 9
19 812 85
654 261 93
964 128 96
954 487 21
592 680 23
552 65 6
769 272 26
896 133 52
879 163 59
273 673 95
738 955 16
852 427 92
977 471 81
359 178 9
290 343 11
325 467 34
720 172 72
934 696 78
225 640 17
466 121 87
185 272 8
665 794 88
435 336 55
54 290 28
388 641 39
28 180 83
958 75 84
279 31 72
894 256 26
255 653 61
116 815 45
638 905 28
505 706 76
986 226 66
773 262 92
672 761 13
721 450 86
338 750 40
70 429 75
344 244 60
196 703 7
439 95 64
858 81 39
930 521 93
72 318 83
244 492 73
664 506 40
662 257 61
124 666 18
438 301 86
713 85 96
969 179 22
832 485 19
485 783 22
636 485 11
977 645 55
712 176 11
929 535 58
187 204 77
742 348 30
167 607 54
618 458 66
127 742 23
632 490 12
649 224 99
880 969 85
882 73 89
933 503 68
884 445 61
168 716 23
644 55 46
483 846 42
696 867 12
22 821 2
566 89 31
960 594 92
467 960 84
218 536 80
139 893 41
848 567 55
120 152 98
738 710 38
737 112 18
257 447 29
513 943 47
873 856 2
16 179 79
372 530 6
909 372 15
578 51 81
764 5 54
763 58 27
543 489 89
874 425 89
661 441 30
21 895 42
936 475 12
668 226 55
205 444 28
161 267 10
490 609 16
347 288 31
115 803 51
366 478 5
58 654 91
798 111 79
648 659 38
105 8 7
774 595 49
617 406 48
685 440 67
646 249 65
11 890 40
945 343 46
841 361 65
969 751 12
752 480 52
227 802 86
264 506 70
750 504 92
558 454 48
81 735 8
209 458 80
850 447 88
916 724 6
755 797 78
730 398 94
257 55 3
21 940 46
363 917 47
76 901 22
314 558 57
256 567 14
175 176 48
870 920 2
472 865 48
270 430 42
718 162 49
341 641 96
830 256 72
715 834 9
498 102 25
749 812 37
135 859 38
753 91 62
122 629 77
867 753 49
961 513 35
164 970 71
510 226 86
730 574 26
592 369 63
108 381 99
323 13 29
739 585 93
339 684 94
139 712 79
881 919 43
552 520 10
843 436 52
342 70 41
505 465 31
163 940 57
182 241 10
108 889 2
174 950 85
622 806 89
582 80 9
707 602 43
737 272 72
851 990 3
303 984 61
83 487 44
154 715 100
494 641 94
501 283 3
436 564 96
992 116 96
493 559 39
281 241 23
133 18 18
48 999 33
551 862 48
301 694 57
439 994 87
375 759 54
579 523 82
27 459 74
136 85 67
749 434 77
16 196 15
663 783 75
712 283 32
847 266 63
65 276 44
629 72 98
508 883 81
808 615 42
681 811 1
36 385 69
93 856 35
157 998 7
253 828 25
757 243 44
711 391 50
450 420 85
406 172 14
305 609 83
55 825 11
323 485 4
172 190 92
407 910 8
674 970 3
968 471 19
662 906 32
343 790 24
517 378 17
435 680 81
25 616 83
492 130 8
743 75 73
935 762 65
576 25 86
319 359 83
729 61 13
278 488 50
226 845 69
486 547 46
937 276 22
241 972 94
728 997 99
761 877 99
967 521 20
87 403 94
271 365 81
986 491 14
870 612 37
417 33 13
812 703 46
395 936 15
483 222 49
535 953 47
692 25 60
565 171 20
583 388 7
647 92 64
585 259 71
847 314 95
915 778 88
617 39 58
936 705 41
979 541 56
64 899 69
771 865 57
497 246 25
456 751 87
561 716 6
546 333 28
555 984 13
598 484 28
593 709 25
64 448 80
579 396 16
750 775 52
84 664 65
183 896 89
167 390 34
163 298 24
672 1 32
282 931 36
282 440 4
169 356 5
136 199 61
131 921 23
580 644 88
895 581 34
943 836 21
995 643 94
300 479 57
586 836 31
740 56 42
19 822 91
718 834 78
325 676 96
570 4 63
132 122 92
918 936 11
425 69 38
346 319 21
606 470 100
780 138 52
637 527 75
577 911 39
639 645 29
133 267 19
847 138 8
642 475 99
168 402 11
890 881 79
813 854 78
64 435 82
101 27 92
548 771 93
639 448 4
406 308 51
698 654 89
142 664 55
708 295 24
218 211 13
270 680 73
533 821 91
853 435 16
563 870 15
802 430 89
867 325 73
855 257 39
584 474 76
203 937 17
335 800 12
868 588 46
116 101 82
802 483 78
352 832 58
736 562 75
803 999 45
220 845 20
893 92 79
320 45 99
830 60 81
946 64 42
359 915 31
771 853 95
307 611 50
621 755 97
579 891 36
713 748 73
972 988 53
376 279 55
291 828 60
260 121 31
717 860 41
488 622 13
812 845 5
780 561 59
601 852 30
359 744 23
93 412 14
177 343 9
380 737 98
103 277 90
729 270 28
928 651 55
964 484 22
906 78 66
993 552 9
107 400 21
687 152 97
165 94 80
759 846 97
96 586 71
492 882 42
259 933 32
403 750 40
381 268 92
360 114 25
774 262 43
670 403 73
794 126 9
998 618 4
805 236 56
516 294 12
430 261 23
234 521 77
641 44 33
186 423 25
973 85 20
421 793 92
250 286 16
393 842 87
717 264 53
859 710 84
527 803 4
104 975 24
163 933 32
40 301 35
124 376 73
709 556 79
632 791 52
108 272 3
175 67 84
238 896 70
984 671 13
294 985 78
834 951 58
991 781 52
249 258 39
403 427 34
422 692 100
553 49 43
657 734 98
992 334 73
680 176 55
484 289 5
151 421 66
525 641 89
871 25 71
206 581 70
67 355 58
158 463 10
606 159 63
286 769 28
219 715 33
177 931 71
9 894 14
720 770 15
508 159 85
254 424 39
634 144 78
382 391 18
38 336 78
730 770 34
108 754 29
638 181 40
417 523 23
153 502 10
351 462 96
897 405 90
737 68 98
805 771 66
183 482 38
380 464 10
587 973 78
953 36 69
980 615 77
826 197 87
898 856 30
989 60 32
112 420 39
555 507 41
368 791 46
271 441 12
70 644 74
588 58 65
628 834 60
568 480 21
914 248 12
965 566 73
513 993 22
997 639 83
108 979 7
24 312 33
482 795 88
810 625 38
229 749 96
437 838 81
633 766 99
501 440 74
802 541 22
612 807 64
952 295 21
92 433 53
127 389 27
223 158 70
566 69 24
134 277 98
391 30 55
412 132 26
538 145 10
353 150 77
209 660 28
197 273 57
79 905 50
997 864 89
557 595 44
905 602 63
774 986 71
599 422 12
172 313 46
585 758 32
765 64 16
241 465 66
612 681 66
795 464 6
279 399 75
288 978 90
356 333 98
352 85 84
656 951 59
842 570 77
450 100 33
375 292 1
767 462 72
110 393 7
593 491 78
145 359 13
611 343 88
852 269 56
11 709 95
749 232 49
533 520 97
803 14 31
111 944 89
831 50 57
121 0 31
210 423 76
618 211 98
785 310 7
694 782 37
371 192 7
136 233 93
11 692 5
446 645 57
323 724 97
986 856 67
263 460 100
21 475 62
352 329 32
350 589 33
460 407 84
673 675 71
76 510 67
596 135 14
987 154 78
18 689 63
640 986 58
600 778 42
766 934 30
68 630 18
553 836 61
811 652 24
431 656 22
152 533 100
103 208 17
26 715 53
932 822 51
650 859 94
740 933 27
869 22 29
345 848 63
843 109 23
845 762 57
687 476 50
459 281 69
629 194 100
339 433 45
582 922 19
208 696 49
95 510 97
599 767 81
861 972 6
4 972 30
307 878 91
85 821 97
328 313 47
118 454 94
607 994 71
152 80 36
386 148 16
378 130 68
56 865 49
940 425 18
646 945 82
961 694 92
931 425 92
3 823 38
705 390 5
126 494 21
941 261 82
481 899 2
694 609 71
277 845 36
25 515 5
629 335 78
2 429 51
72 652 7
913 139 33
211 523 53
635 464 58
851 590 40
905 277 77
102 185 95
914 453 79
970 799 7
492 5 61
441 904 62
615 914 75
280 692 54
473 901 48
63 258 26
927 215 38
373 680 31
576 433 81
726 135 54
763 917 55
528 503 44
337 592 93
427 737 77
96 443 51
339 245 17
705 809 62
773 737 87
79 427 11
528 570 39
498 109 58
874 320 2
203 356 1
846 770 56
797 686 76
643 563 84
126 520 73
542 384 21
572 46 53
435 22 76
734 560 17
500 215 78
566 718 94
942 653 72
155 800 87
928 277 82
484 934 43
501 628 38
766 615 65
368 961 90
830 945 71
907 270 46
517 914 1
640 266 37
380 525 74
244 312 25
585 628 60
235 966 28
205 279 7
212 762 53
995 487 81
942 546 44
427 158 84
994 305 60
477 285 83
457 914 17
14 42 70
889 680 70
472 732 8
238 466 8
953 945 35
414 884 91
216 75 84
703 696 38
47 32 12
686 390 48
6 164 1
391 880 20
873 213 23
268 80 89
327 955 79
915 561 10
739 765 28
259 673 63
720 694 69
934 49 87
638 723 23
90 93 48
244 11 71
836 832 78
861 596 51
518 935 23
119 337 3
307 43 95
60 889 83
266 217 59
128 547 27
204 952 29
61 673 96
512 347 40
23 422 14
607 708 96
501 940 38
455 460 65
704 381 55
564 916 33
292 622 67
465 629 14
726 177 5
991 689 75
442 453 15
969 361 95
191 100 35
307 390 74
471 765 84
734 335 22
917 63 26
713 544 84
945 48 3
314 882 43
449 838 55
44 606 53
227 396 28
551 336 8
604 873 93
423 166 89
234 11 73
105 819 38
139 655 91
421 653 78
796 303 70
985 406 2
945 151 89
926 330 48
616 226 28
635 461 50
473 757 79
340 521 89
468 463 81
794 18 52
105 452 94
213 919 58
200 407 16
680 100 46
779 699 26
295 266 62
666 281 20
579 249 17
796 627 46
713 536 90
133 144 39
341 610 44
453 933 24
205 875 52
85 829 52
201 741 44
677 901 7
312 566 73
679 657 58
777 510 5
802 136 83
412 520 90
248 956 1
662 550 48
799 466 2
30 253 14
207 589 32
648 958 94
881 34 15
103 164 66
753 496 47
444 659 36
667 91 64
305 536 84
264 761 86
856 134 32
823 415 51
553 317 45
530 819 33
447 631 57
468 294 27
30 258 95
619 21 100
671 910 99
5 598 62
923 490 17
186 967 83
127 407 98
719 941 22
79 314 62
409 760 72
64 226 28
171 191 25
309 508 57
643 567 70
656 382 86
322 301 37
636 454 97
631 709 12
549 188 94
363 20 58
348 316 78
280 576 23
653 937 47
71 825 71
416 646 73
258 22 67
37 859 48
28 278 44
744 556 76
523 655 2
306 583 98
142 908 26
781 201 49
758 110 31
71 236 54
839 246 24
822 820 66
148 469 17
668 952 56
694 963 12
122 799 64
613 957 54
401 420 43
416 883 2
354 761 82
746 501 9
382 472 74
106 152 81
959 205 44
739 961 70
396 692 53
726 666 70
200 935 98
428 471 33
579 741 52
407 520 55
797 894 20
618 322 25
349 724 68
539 88 65
261 620 61
74 998 92
610 345 36
478 744 44
55 795 82
33 172 45
524 126 94
465 212 84
202 815 23
577 494 39
3 574 42
373 540 44
685 254 68
899 70 98
732 170 10
948 861 49
669 723 94
78 804 47
408 76 98
794 706 71
7 793 57
941 212 79
572 996 57
387 857 47
45 235 72
850 975 30
210 619 97
7 914 48
331 350 12
948 770 38
61 886 38
789 210 81
783 200 91
709 930 35
233 799 29
259 209 18
463 763 68
766 677 54
839 427 16
583 873 63
788 643 22
657 636 54
197 281 63
575 398 13
975 655 72
988 158 72
764 394 76
503 885 12
711 567 39
545 590 60
778 145 30
96 994 69
48 866 98
332 446 6
279 2 57
705 850 85
64 846 4
114 943 92
966 939 64
659 880 50
143 677 28
611 822 71
631 486 100
779 211 42
855 739 61
909 307 62
911 912 80
390 69 21
714 448 83
627 184 42
432 678 28
233 818 62
429 437 96
99 588 97
987 266 54
79 866 93
821 221 8
771 206 95
578 672 55
495 525 32
363 546 93
193 269 37
192 820 99
374 167 23
980 310 97
562 524 86
70 884 32
317 718 73
476 539 90
491 734 48
726 403 2
317 237 19
547 442 19
900 208 79
606 116 74
667 748 2
84 348 27
740 604 68
272 362 16
693 822 69
932 13 84
259 916 38
196 745 63
347 35 46
668 525 16
382 639 18
218 7 37
261 889 36
993 947 37
231 116 15
512 439 98
57 912 63
115 166 40
739 899 93
380 883 79
268 495 17
252 107 18
515 861 20
97 50 20
383 21 92
207 883 74
935 818 8
304 560 58
356 295 38
204 84 100
440 729 88
698 942 36
914 642 17
582 536 91
310 935 1
88 921 75
830 547 26
427 336 29
534 106 93
629 430 58
598 804 60
992 85 95
460 653 20
854 664 22
851 433 51
761 301 17
581 904 94
146 638 90
21 363 97
495 157 70
104 212 82
796 414 8
25 89 71
490 658 32
550 912 31
283 162 93
524 761 81
793 815 48
179 243 27
84 406 30
186 430 11
743 212 53
458 16 46
240 215 88
533 501 31
300 432 31
975 747 90
924 478 68
353 290 90
729 184 99
850 619 90
284 184 87
468 740 57
971 770 49
581 448 6
880 13 99
232 876 83
627 474 93
201 892 3
309 95 56
125 566 63
137 558 55
510 332 84
771 358 75
879 675 52
670 466 7
873 931 36
393 55 7
773 106 84
420 192 84
752 25 4
50 455 70
519 335 52
783 765 47
709 327 89
61 754 23
989 662 10
861 484 62
75 817 2
788 382 1
114 315 48
54 807 97
937 296 31
548 153 45
856 224 15
416 89 47
577 512 76
93 907 8
457 434 57
410 905 71
414 629 49
915 179 92
34 481 87
444 27 48
871 787 23
633 528 16
21 173 88
302 107 6
402 1 66
656 154 27
270 480 77
349 784 77
741 609 57
547 193 41
124 294 41
829 44 19
564 941 29
710 979 31
489 807 82
702 520 54
70 515 43
628 494 53
398 235 10
781 352 10
686 841 68
981 779 74
751 649 65
22 270 46
163 436 33
375 918 30
167 616 65
792 976 22
188 264 76
165 436 57
505 354 91
710 217 33
713 53 27
823 525 50
837 803 42
593 753 17
339 466 100
960 716 21
161 333 63
232 820 52
194 886 92
746 882 36
397 926 87
755 478 41
164 578 25
801 486 30
135 823 2
430 438 42
772 47 98
607 466 78
493 399 47
653 740 92
574 650 8
914 431 66
492 738 65
551 607 5
194 600 39
298 548 98
351 655 29
66 185 73
145 885 94
831 977 68
301 950 42
734 98 84
835 262 20
449 521 10
205 649 85
527 257 65
815 455 78
359 874 45
782 37 58
162 322 62
572 248 85
171 444 48
215 195 71
738 787 57
594 129 25
192 62 20
991 814 65
355 723 52
330 956 4
943 354 84
973 468 35
425 196 75
960 961 93
154 118 76
737 770 49
191 629 99
928 399 89
238 853 71
959 671 22
761 545 76
970 436 71
12 776 17
235 449 28
889 298 87
633 725 88
563 832 33
514 919 97
336 248 93
999 11 44
288 958 92
650 342 1
580 107 19
4 115 78
524 346 35
916 580 29
122 468 68
673 768 45
988 79 79
278 971 75
142 900 85
429 406 81
212 682 16
285 263 61
994 427 14
888 831 65
140 366 20
21 415 73
539 195 53
725 174 54
557 962 97
230 6 48
601 867 82
316 775 25
247 635 87
401 212 79
980 683 72
544 967 3
344 459 96
645 246 43
803 7 77
687 917 57
460 608 19
657 513 60
490 594 8
931 955 42
506 880 52
97 370 13
178 752 77
831 123 68
597 232 38
303 645 91
171 575 25
459 484 37
838 999 11
617 206 54
663 607 58
769 778 36
128 734 5
818 422 17
207 377 69
740 872 65
687 6 63
995 810 74
194 247 17
340 798 24
727 632 31
157 478 11
687 102 50
190 246 68
996 177 8
15 314 90
548 624 86
543 508 12
837 242 53
800 743 51
519 661 16
28 109 71
403 423 25
229 531 36
944 261 31
60 327 13
362 606 56
976 390 17
296 166 39
104 169 98
741 161 95
922 716 42
918 896 8
0 153 65
74 575 16
344 599 37
403 809 46
300 545 1
719 344 10
463 435 81
485 837 51
559 312 9
852 396 78
803 856 40
824 699 58
223 940 24
440 406 20
158 850 30
484 279 48
564 481 39
371 618 16
463 698 56
372 862 73
314 254 21
420 250 39
902 293 79
563 627 1
547 52 5
398 124 5
547 765 65
684 746 45
714 827 2
25 541 87
196 684 17
904 110 58
785 676 77
471 426 33
278 988 9
161 707 95
961 548 20
929 965 97
799 392 97
974 731 99
920 710 15
951 741 5
707 546 98
457 437 30
154 390 74
964 142 68
947 399 42
438 315 70
251 422 77
181 388 40
248 724 59
834 260 29
480 782 71
429 356 59
659 120 41
467 780 49
420 924 93
564 887 12
885 969 76
229 943 13
791 648 55
551 216 6
734 450 91
900 799 67
976 456 62
125 269 63
288 243 77
781 409 67
692 508 88
361 541 7
742 952 66
132 766 43
70 775 5
253 125 87
237 455 90
510 711 33
731 494 98
414 916 27
892 342 59
623 595 62
465 867 43
32 76 23
936 24 24
659 737 55
151 406 26
131 169 59
159 185 75
281 474 46
972 270 68
74 773 85
789 417 3
610 133 17
263 831 100
46 784 78
286 230 19
525 349 93
857 674 44
0 644 74
730 599 6
599 13 83
470 685 46
168 602 40
128 961 27
827 298 41
367 22 48
427 760 41
640 521 28
821 371 10
729 181 69
769 334 91
529 404 50
862 27 4
343 826 85
465 759 43
365 99 97
806 281 8
997 434 12
805 528 15
673 83 60
779 639 28
376 692 68
924 231 36
788 231 13
896 194 92
353 526 100
67 946 24
769 156 99
278 829 31
516 853 15
68 566 13
917 851 50
264 619 93
536 518 20
300 210 62
557 980 52
45 25 64
376 164 67
293 977 31
660 466 82
992 164 21
997 196 3
805 615 47
709 791 89
982 684 91
770 619 48
957 976 55
149 83 45
773 471 35
697 85 37
343 324 85
549 709 75
176 524 30
231 211 68
363 733 70
882 638 76
716 863 81
167 460 52
330 860 23
488 227 11
774 567 57
85 138 80
506 587 31
792 985 87
614 244 22
173 74 34
532 562 75
651 812 96
486 96 83
261 484 31
227 300 99
783 66 27
859 525 41
138 484 36
370 744 59
169 98 22
383 865 5
195 672 69
190 139 84
562 918 40
66 759 12
612 960 29
721 752 87
553 260 85
938 643 22
243 92 37
74 951 27
447 571 44
698 369 43
568 684 52
65 678 5
763 664 5
577 977 23
382 77 31
320 238 82
91 436 7
603 331 88
828 951 24
649 209 50
175 676 52
351 455 23
408 84 59
84 650 79
311 322 40
800 375 31
569 698 95
291 394 1
238 527 33
3 936 4
396 264 73
687 194 24
130 353 81
471 311 75
739 215 17
601 408 78
903 611 1
68 945 6
352 959 85
314 506 44
20 214 8
886 996 90
915 93 52
239 351 94
577 280 81
698 248 60
573 532 81
144 835 71
698 485 99
462 355 79
807 978 80
169 44 63
220 314 28
697 657 62
276 411 59
962 496 60
41 33 86
435 339 17
231 469 2
806 79 21
11 714 4
603 420 20
517 932 66
915 463 40
518 903 94
538 448 13
446 675 19
897 907 76
61 853 90
729 124 53
965 827 7
547 550 24
919 990 80
13 170 3
212 374 29
155 253 79
374 683 97
207 878 10
777 902 56
341 999 15
565 641 75
322 631 38
437 335 93
58 830 76
902 464 84
4 906 53
390 283 12
148 236 36
882 923 66
419 105 35
260 787 80
622 801 7
103 830 29
972 670 75
631 160 85
106 527 46
754 748 24
406 318 87
471 827 78
539 573 68
961 888 96
454 739 19
250 611 76
751 934 82
225 227 64
686 431 36
80 412 65
45 926 17
428 854 92
837 575 49
158 952 57
659 822 38
948 120 11
331 718 22
147 738 68
996 163 95
369 348 73
333 156 68
286 385 77
654 769 4
866 281 99
607 471 9
735 960 82
632 188 27
948 998 91
427 946 50
339 448 61
718 279 1
332 124 81
205 75 35
687 207 71
349 475 45
51 753 80
358 793 90
714 487 53
719 677 15
420 437 6
421 588 84
167 636 98
56 417 15
9 276 77
628 770 30
393 351 9
252 847 37
513 242 4
797 50 56
857 860 90
919 423 91
79 636 64
885 324 49
725 85 12
208 153 78
704 625 65
303 321 82
186 758 60
312 440 20
520 690 24
5 58 92
145 624 58
701 464 99
801 648 19
478 753 2
565 66 88
438 83 54
169 403 5
808 554 76
744 914 24
659 143 77
213 194 36
617 520 38
345 51 31
529 781 85
669 304 93
11 641 3
237 298 79
325 219 61
990 596 86
259 471 46
584 227 14
451 779 76
393 750 52
252 523 2
627 920 11
450 381 81
492 931 90
731 655 24
55 21 57
231 972 16
984 787 24
686 55 51
862 998 73
254 612 57
206 773 50
474 800 90
742 55 98
356 749 5
157 196 79
610 525 63
434 921 58
920 355 23
163 273 76
116 330 64
704 777 41
379 144 92
842 299 12
549 896 94
916 849 26
357 889 19
412 442 46
111 202 30
115 383 81
949 764 28
46 920 75
588 867 45
680 570 54
891 930 53
51 15 6
323 20 18
148 823 3
809 161 35
568 867 65
962 441 33
816 452 27
568 840 30
614 64 94
654 880 39
900 524 46
943 395 35
587 343 19
122 940 41
851 355 84
806 943 2
676 219 41
797 241 57
562 814 6
63 842 39
718 562 94
591 471 15
514 248 70
125 157 43
56 430 16
390 98 1
908 612 49
28 715 79
825 518 12
492 788 77
464 591 21
491 590 71
319 698 36
10 629 52
190 947 84
998 680 39
983 944 7
122 74 56
881 844 3
560 761 18
466 769 84
354 820 30
218 199 60
70 651 38
405 137 82
32 105 28
562 26 18
549 72 6
671 684 9
752 608 60
35 284 53
326 638 100
182 458 12
742 158 12
944 922 29
353 698 64
609 983 61
48 145 57
852 731 34
646 468 79
885 726 83
121 756 18
221 334 9
656 459 12
546 914 38
319 338 29
768 280 91
113 386 56
899 485 46
369 510 48
68 30 90
609 987 66
886 910 100
775 725 45
959 986 91
584 123 32
314 0 100
862 198 92
137 173 64
392 910 22
185 636 77
82 18 99
427 385 80
583 661 23
322 297 62
402 234 46
771 814 75
513 459 77
147 191 90
699 759 81
217 640 23
495 634 83
602 516 63
764 235 59
805 375 65
976 899 80
99 729 52
75 802 63
686 733 25
351 343 54
807 985 63
406 803 10
260 757 41
805 48 11
648 560 43
261 947 22
199 46 11
818 971 35
788 455 46
376 569 50
237 758 62
586 293 39
585 364 10
619 303 38
485 404 35
915 95 27
241 131 94
846 879 16
620 655 11
524 112 59
146 418 94
375 958 95
744 97 62
258 953 86
902 324 97
517 718 13
882 942 69
17 28 24
398 827 29
650 840 36
257 666 82
716 492 17
45 668 21
2 128 48
619 313 62
589 873 64
795 708 80
315 26 28
577 717 65
202 734 74
490 199 90
681 149 51
388 110 84
721 163 56
226 318 79
175 165 89
495 41 66
681 589 5
600 602 24
644 125 34
249 903 3
282 506 98
867 774 79
180 931 86
854 999 87
434 895 66
903 355 95
849 549 38
906 230 47
486 666 59
561 354 94
174 110 25
871 232 12
809 303 16
745 905 74
992 579 48
852 349 11
178 997 91
645 144 22
428 261 27
823 668 2
693 936 56
614 492 87
942 988 24
7 733 84
793 207 79
631 435 78
915 370 41
423 82 15
193 333 67
124 916 84
339 439 30
899 295 29
480 415 88
476 645 7
533 110 78
36 262 24
419 602 70
208 132 48
107 655 1
699 795 97
386 709 81
81 16 94
210 878 88
828 183 73
375 363 29
298 233 30
168 387 97
462 773 47
320 635 18
316 98 60
538 525 100
467 898 81
25 642 9
349 659 81
837 311 78
391 815 25
814 625 27
755 898 90
706 75 22
329 391 71
796 887 42
644 390 71
630 125 22
733 630 6
771 55 49
690 183 36
435 928 99
35 187 33
289 706 35
138 216 95
757 30 84
935 162 2
917 758 60
679 197 19
328 121 94
566 536 68
487 226 87
102 326 7
11 507 41
810 12 28
39 119 73
838 29 100
939 881 5
427 759 44
735 104 62
409 371 100
573 957 4
182 977 90
291 143 24
523 617 95
877 108 85
821 150 9
271 592 87
144 739 12
511 399 49
378 324 62
566 876 92
653 605 3
180 952 93
963 37 33
682 378 48
230 262 39
382 493 22
678 558 91
119 930 15
289 686 28
990 13 30
264 375 3
668 294 98
67 971 48
900 166 50
645 556 84
558 275 20
142 277 71
785 273 99
143 360 61
315 245 55
687 769 10
345 789 9
441 7 37
806 908 17
268 79 95
74 810 38
291 270 72
698 122 13
767 325 39
414 529 92
357 348 4
712 554 26
865 497 33
94 631 55
323 691 70
11 394 43
733 300 38
534 729 98
607 600 82
551 469 35
272 69 48
676 463 67
751 865 43
400 200 48
3 957 16
117 169 14
488 191 72
598 14 2
0 353 92
160 342 6
68 643 93
433 998 77
817 158 70
661 378 2
87 82 10
235 591 4
271 12 31
860 940 35
806 386 5
311 684 51
19 663 62
474 555 38
663 253 88
812 134 67
774 636 83
968 348 69
588 255 25
554 795 68
852 850 77
874 927 18
90 762 13
919 115 25
2 583 60
167 382 2
86 682 2
13 467 51
283 979 80
210 851 36
311 561 38
144 151 1
204 975 56
266 719 89
797 574 35
275 363 27
790 946 93
740 986 43
341 682 32
845 695 5
740 98 43
394 414 55
410 281 49
805 220 89
162 310 32
365 104 37
578 989 58
492 589 88
681 144 91
85 729 88
21 699 8
327 898 93
351 602 86
621 875 90
160 765 20
197 775 100
744 386 40
458 149 43
112 854 88
954 169 22
311 191 71
298 588 61
192 268 66
387 946 21
634 917 52
949 659 42
27 759 93
698 793 38
462 140 31
701 44 48
583 579 77
762 33 55
934 922 84
541 558 57
555 243 86
562 69 50
402 713 74
266 189 68
59 619 79
777 394 14
866 236 27
523 194 68
775 276 37
592 421 65
190 273 28
800 295 58
301 218 14
504 886 48
759 938 13
484 985 79
186 458 51
636 797 92
610 593 26
871 790 56
534 510 52
293 839 26
629 746 32
610 1 90
336 782 38
799 708 48
783 841 77
712 318 65
208 115 41
897 244 15
490 568 80
107 289 75
104 644 89
132 185 40
799 231 51
613 333 78
550 919 8
577 870 47
700 870 51
519 599 27
419 805 44
258 839 31
296 556 21
834 767 45
181 881 27
812 219 73
3 776 81
833 514 28
233 244 30
984 494 28
460 32 83
984 294 99
652 763 57
20 859 75
752 470 78
368 724 94
969 831 83
107 485 87
961 775 96
351 316 90
900 493 71
22 971 22
800 133 31
79 795 44
239 287 80
191 471 48
420 696 33
17 919 15
520 502 41
936 554 37
460 305 10
874 661 71
769 675 77
830 570 79
248 929 23
736 317 99
770 23 35
263 730 67
561 487 79
846 724 36
288 618 43
4 422 65
923 127 86
801 959 56
132 13 66
372 314 65
128 551 78
516 857 91
893 389 66
451 42 86
311 668 17
983 476 81
943 388 92
877 240 64
506 633 64
614 613 37
729 119 60
722 66 20
964 265 49
514 597 32
782 253 37
998 771 79
72 847 24
145 320 47
548 310 44
806 278 60
585 217 39
317 579 37
757 737 57
155 705 21
726 78 74
155 867 9
14 230 12
28 774 68
374 419 31
112 853 82
56 100 27
722 840 47
786 312 61
375 514 76
442 57 28
950 737 77
863 719 73
138 670 85
637 762 47
592 122 63
527 389 83
800 887 29
675 130 3
102 643 31
623 629 50
481 183 60
38 553 16
954 53 53
320 748 54
877 305 77
281 562 66
107 85 79
230 167 70
280 347 42
45 615 44
178 751 63
114 435 93
170 503 75
725 588 53
750 517 18
547 885 54
601 499 58
481 344 58
888 76 13
684 703 68
171 992 89
374 292 58
635 252 65
558 795 45
910 100 48
37 142 95
933 19 32
428 758 100
304 290 90
95 223 39
184 443 7
567 659 14
947 934 81
777 216 21
616 147 7
940 70 57
432 829 16
888 720 81
262 180 30
491 486 69
823 729 8
895 332 12
791 507 24
19 691 92
745 541 35
3 277 99
240 479 49
869 457 30
301 463 40
300 377 82
827 7 32
615 729 39
203 750 74
560 225 56
99 360 66
563 452 87
645 171 94
60 218 35
394 82 33
972 128 31
645 316 54
854 541 61
661 265 30
450 15 4
721 270 99
676 334 80
414 706 17
637 883 87
749 947 44
656 247 63
442 184 36
977 378 22
892 305 1
19 30 81
953 941 26
451 481 3
637 66 55
892 477 42
700 435 36
620 651 41
419 965 22
812 103 72
171 863 70
167 871 85
270 76 90
543 792 71
860 504 26
556 297 79
896 493 5
430 187 42
41 288 65
128 303 36
15 307 68
152 729 13
245 630 65
960 403 4
417 478 43
812 520 75
38 545 75
250 261 91
251 997 59
96 614 59
984 469 9
164 419 15
510 220 49
737 355 85
875 239 3
497 220 95
753 896 27
96 138 85
413 228 64
678 854 29
489 925 35
690 68 91
91 494 50
827 370 37
711 968 17
387 67 82
106 26 28
378 503 73
683 969 2
43 422 11
748 759 17
502 603 42
668 545 46
260 703 41
860 733 64
88 714 15
757 64 66
868 414 81
896 69 75
841 116 86
969 225 74
954 707 9
595 675 46
663 227 70
516 422 18
593 275 41
547 348 23
569 461 42
582 320 89
97 88 92
877 864 99
106 305 40
145 933 48
533 31 24
249 294 37
279 926 65
468 617 54
549 973 82
942 713 89
337 858 89
658 831 14
598 58 34
666 173 10
826 374 64
33 967 67
619 99 55
240 278 77
293 398 35
165 478 47
872 376 91
515 590 13
593 619 22
563 252 55
159 934 52
363 883 66
787 442 16
473 587 12
81 247 91
63 249 67
533 784 68
661 572 85
512 659 8
139 921 26
27 643 86
978 438 46
525 47 15
764 970 96
191 193 47
725 213 46
56 944 92
168 16 46
238 730 61
843 535 73
843 154 11
973 448 31
831 953 9
372 287 66
530 792 32
901 794 58
876 526 21
540 917 23
334 487 92
419 542 75
811 775 77
899 780 87
431 933 52
872 703 78
869 724 9
916 645 99
198 872 48
198 256 53
22 634 33
116 673 43
386 263 67
161 59 80
230 948 64
584 630 55
681 344 86
988 681 86
426 245 79
658 592 46
57 671 65
703 623 70
800 827 28
334 755 16
623 977 3
511 168 83
721 202 6
897 669 89
565 61 92
844 961 93
377 45 47
246 263 87
335 133 52
189 588 45
100 599 82
275 763 45
534 617 28
911 806 93
537 160 10
727 343 29
876 860 76
984 277 93
554 976 84
787 590 18
511 347 88
569 846 60
425 529 24
826 314 12
341 907 66
485 746 98
931 79 37
419 245 91
813 907 16
670 585 9
794 298 41
544 892 10
420 509 33
482 619 2
216 161 31
584 580 71
571 60 85
529 431 60
211 622 39
447 30 25
567 456 81
473 748 93
54 873 96
950 388 9
886 668 24
204 497 96
379 687 12
48 407 10
567 764 2
264 598 90
290 490 28
717 507 31
965 76 85
970 724 76
315 46 96
486 163 17
91 849 1
776 687 4
449 139 5
514 638 57
22 248 69
742 646 10
953 821 1
542 730 74
810 477 34
135 273 72
820 31 92
89 686 71
913 370 70
581 504 13
603 742 3
751 696 64
481 139 97
595 582 64
3 380 6
828 810 76
732 499 68
552 941 72
544 753 100
862 806 45
369 343 89
651 308 49
445 835 30
868 556 16
413 717 98
274 759 82
637 174 7
336 27 39
372 590 14
950 712 75
909 566 33
245 334 40
137 720 89
507 995 58
349 258 26
520 731 37
579 172 23
286 573 69
308 330 62
919 994 39
452 847 11
494 854 84
495 148 4
685 844 66
743 788 93
225 162 52
489 347 94
399 855 50
128 711 51
815 303 95
471 672 84
7 871 7
364 147 13
23 548 46
823 944 100
195 323 60
138 601 37
49 868 82
87 684 51
580 36 60
16 70 65
706 387 62
282 217 3
428 331 94
188 765 49
878 321 12
854 959 27
178 569 5
674 105 22
836 685 30
219 513 64
462 322 28
727 776 51
426 723 98
97 551 20
57 796 56
676 916 85
99 955 37
533 367 58
381 934 22
623 970 15
69 988 92
428 944 34
439 742 98
198 918 3
283 699 58
694 995 50
1 557 32
447 168 78
952 750 62
146 37 65
576 67 22
243 296 7
683 301 90
127 589 62
26 884 45
865 350 100
983 801 2
57 724 69
203 511 14
800 318 63
219 478 53
882 347 92
140 88 81
347 423 22
820 573 71
75 59 7
939 590 1
428 672 52
271 932 84
584 200 60
572 693 39
381 706 1
95 71 35
467 161 3
754 723 66
677 485 11
989 130 33
529 995 94
413 872 83
85 500 82
151 548 19
662 969 42
924 262 37
236 58 35
542 933 49
723 467 35
53 741 29
572 915 62
936 296 94
411 996 28
881 526 61
513 357 52
802 607 57
368 81 13
79 601 31
171 956 8
195 983 76
300 47 88
904 319 3
206 38 55
500 780 15
216 35 89
438 587 49
230 169 91
557 427 33
286 945 64
736 326 62
5 989 38
460 540 81
463 799 41
26 141 67
980 385 67
279 112 78
9 555 51
831 726 95
384 51 1
19 543 98
297 917 64
741 439 4
202 749 20
86 712 64
145 687 86
578 402 1
949 81 46
924 679 70
757 148 91
214 222 76
591 508 51
582 769 59
312 956 94
576 681 67
831 66 99
575 184 85
899 517 70
346 840 56
905 772 13
608 243 78
106 681 6
302 795 97
666 186 27
280 14 68
675 686 5
414 850 21
523 447 78
682 841 8
467 888 54
22 740 89
309 765 64
490 856 38
269 606 68
636 154 74
936 670 26
635 556 85
3 470 5
259 617 61
8 679 7
60 436 9
118 150 44
879 962 93
418 37 64
359 870 92
988 401 92
289 357 57
823 751 22
999 754 88
125 181 10
729 721 26
944 126 7
562 694 12
294 418 85
900 490 49
19 398 100
922 717 88
973 908 39
14 777 66
740 413 15
109 537 80
732 547 34
270 423 4
790 329 78
111 266 25
988 806 9
497 962 22
650 561 66
295 248 41
245 227 15
778 582 62
453 659 75
618 772 65
212 604 49
786 36 4
625 538 35
155 159 2
913 686 40
10 536 34
570 857 60
476 997 24
937 157 16
799 369 42
110 839 48
979 157 51
467 480 33
543 303 3
692 320 47
738 35 58
616 274 11
472 209 19
548 899 77
182 635 93
659 672 32
72 535 65
807 809 32
864 363 66
4 618 98
215 657 85
871 998 54
575 410 43
982 143 55
645 963 52
700 502 32
254 237 96
874 868 98
74 579 51
335 922 70
828 849 23
424 335 11
22 356 82
705 944 15
55 524 4
303 120 64
706 76 71
690 180 74
795 104 39
26 503 28
329 498 62
969 263 62
518 153 13
617 308 99
318 688 76
896 47 62
767 606 23
812 51 16
185 489 39
410 324 5
745 811 6
995 819 17
787 140 18
862 374 80
717 155 67
466 180 94
790 856 79
975 139 39
926 470 8
777 59 5
940 955 96
888 618 72
435 296 94
848 95 51
329 832 75
860 409 42
283 375 70
690 565 61
242 633 43
722 495 53
206 738 25
42 214 45
661 366 16
609 269 46
820 50 87
193 312 95
915 271 36
787 967 4
721 107 52
661 374 36
781 426 44
701 212 91
382 318 82
229 581 67
726 630 84
105 523 85
629 477 33
116 648 68
659 362 46
966 497 93
269 770 48
836 903 72
344 505 31
253 2 23
112 53 88
586 744 31
614 945 86
965 829 82
244 601 26
903 826 56
777 321 69
823 850 78
490 292 86
764 575 74
888 901 31
109 115 18
15 549 48
171 689 16
27 936 71
441 243 41
32 227 87
621 64 99
334 975 48
8 194 38
935 545 15
156 368 32
945 18 84
718 561 7
480 3 49
505 419 15
192 449 76
839 912 3
268 87 10
594 580 44
159 565 41
